1.487418457576305570e+02
2.525949838202008380e+02
3.499109824286596790e+02
4.878105205087763920e+02
6.309123132629487145e+02
7.860723906838045423e+02
9.504567477679545391e+02
1.166819480725427184e+03
1.387290963842808878e+03
1.633172620798210801e+03
1.873525765550405140e+03
2.122831014246697123e+03
2.375328908802789556e+03
2.693460138679139163e+03
3.030511299936693376e+03
3.333070540092275678e+03
3.675019517569979598e+03
3.985978677353964940e+03
4.355245725056790434e+03
4.701361863332010216e+03
