6.856398294697297174e+25
2.125968330671229889e+26
3.620313555082961993e+26
5.707210467363559571e+26
1.012450307971084394e+27
1.235080212064303306e+27
1.817463021437754379e+27
2.027301250455904104e+27
2.265399751193559249e+27
3.239684199167239129e+27
3.462178361222968884e+27
4.665979986298902374e+27
5.332179650016091494e+27
5.273108058219213176e+27
6.187516302339105027e+27
8.397727873863779655e+27
8.711733086124364892e+27
9.254203033776402569e+27
1.204083298529393650e+28
1.205716727376318265e+28
