3.141592653589793258e+02
3.801327110843649848e+02
4.523893421169302087e+02
5.309291584566750544e+02
6.157521601035994081e+02
7.068583470577034404e+02
8.042477193189870377e+02
9.079202768874501999e+02
1.017876019763092927e+03
1.134114947945915219e+03
1.256637061435917303e+03
1.385442360233098725e+03
1.520530844337459939e+03
1.661902513749000491e+03
1.809557368467720835e+03
1.963495408493620744e+03
2.123716633826700217e+03
2.290221044466959029e+03
2.463008640414397632e+03
2.642079421669016028e+03
2.827433388230813762e+03
