3.482117261647363193e+01
2.502487189278442159e+01
2.115250469028766389e+01
2.090179509320947915e+01
2.105959358521803537e+01
1.379907445976152935e+01
1.376703765142436708e+01
1.028677394879982465e+01
9.339697282921898491e+00
9.175081200842639007e+00
7.884152685946173911e+00
7.373913508967415709e+00
6.671302095720030856e+00
6.777364147599881150e+00
4.361697641710904350e+00
4.970952709636583755e+00
4.911085614953764278e+00
4.698263430988331990e+00
4.248721277736232871e+00
4.100506793065802569e+00
3.962985852338002601e+00
