1.214381898709999907e+00
5.622306390900000395e+00
1.177215522180000029e+01
1.836411224869999970e+01
2.721794480249999992e+01
3.810249543009999940e+01
5.119882743819999860e+01
6.491880229119999512e+01
8.003030053919999887e+01
9.750418952670000294e+01
1.208461503479999948e+02
1.457879126089999886e+02
1.527576579550000133e+02
1.315924279559999945e+02
1.000895230840000067e+02
7.363209607870000184e+01
5.460231743730000176e+01
3.948028161060000230e+01
2.647861378549999856e+01
1.763748552670000080e+01
1.219992341100000033e+01
9.286099701970000453e+00
7.642496277760000289e+00
6.219104848029999744e+00
5.240449918080000380e+00
4.655093059450000403e+00
4.070456344440000152e+00
3.511186183500000002e+00
3.255691478200000155e+00
2.809253488540000010e+00
2.610696626769999806e+00
2.391125441999999879e+00
2.177055785139999866e+00
1.999591704460000008e+00
1.923572126310000074e+00
1.756870669039999999e+00
1.649940914829999938e+00
1.562131260119999920e+00
1.523336370830000064e+00
1.412605257849999907e+00
1.384416271050000091e+00
1.279259768510000006e+00
1.206986240360000018e+00
1.166649266929999929e+00
1.157969343710000043e+00
1.123863599169999894e+00
1.073882410449999991e+00
1.008928377139999943e+00
1.004606505069999933e+00
9.827000507969999576e-01
1.005035342470000037e+00
9.365896820000000345e-01
9.301999291739999620e-01
9.431878316280000174e-01
9.361901599490000114e-01
8.922166584270000422e-01
9.120788773000000349e-01
9.113342788749999590e-01
8.915340429510000275e-01
9.146023095449999918e-01
9.067494603379999685e-01
8.975042180059999986e-01
9.038013283979999812e-01
8.919025084289999850e-01
8.768882126610000327e-01
8.711749032629999556e-01
8.834668498100000100e-01
8.709222238680000006e-01
8.761906319769999785e-01
8.947135686730000037e-01
8.591539415009999958e-01
8.914343546949999864e-01
8.872698274670000052e-01
8.943837514229999730e-01
9.015630923990000101e-01
8.988951135820000271e-01
9.066490780629999913e-01
9.167819773900000024e-01
9.173555066949999892e-01
9.212247564550000156e-01
9.103745283859999704e-01
9.149547822639999550e-01
9.215744011909999811e-01
9.119064417079999485e-01
8.888375025829999831e-01
8.904982716889999761e-01
8.902623604680000025e-01
8.562160277839999667e-01
8.429036001649999887e-01
8.211115556639999591e-01
8.124392712510000170e-01
7.948104018999999631e-01
7.826433251919999723e-01
7.566592562799999699e-01
7.451775740799999603e-01
7.094824133710000424e-01
7.010956905159999586e-01
6.763726582719999936e-01
6.634005424690000430e-01
6.355280004529999527e-01
6.129457054839999586e-01
5.921940943229999643e-01
5.541185061240000431e-01
5.353972529970000283e-01
5.134053975560000094e-01
4.755500723419999742e-01
4.781694538440000031e-01
4.502484028820000206e-01
4.239584082639999973e-01
3.961196043710000225e-01
3.826237771600000115e-01
3.583186596090000009e-01
3.532036152090000103e-01
3.414681955930000123e-01
3.161789280839999994e-01
3.041935176150000197e-01
2.828947843799999862e-01
2.919844755830000027e-01
2.593669608720000075e-01
2.598729261120000245e-01
2.430900825170000112e-01
2.373699831680000094e-01
2.243011887739999877e-01
2.220689784300000080e-01
2.102885509990000124e-01
2.039638054450000071e-01
1.945295359270000080e-01
1.869221957420000024e-01
1.834642342770000101e-01
1.772032449700000067e-01
1.660135010909999931e-01
1.704063267160000061e-01
1.599156270300000071e-01
1.516933151859999884e-01
1.486868989529999963e-01
1.496255470079999872e-01
1.375758483300000001e-01
1.308984599980000108e-01
1.300245275199999884e-01
1.240364723449999956e-01
1.244232874879999950e-01
1.198534389770000014e-01
1.127297392519999997e-01
1.066593263550000004e-01
1.093554786840000015e-01
1.054830926319999945e-01
1.023806291689999953e-01
9.527972676040000199e-02
9.327824832410000488e-02
9.051112468230000652e-02
8.820124268729999384e-02
8.702188555640000267e-02
8.249343553190000011e-02
8.421636513499999865e-02
7.895645551999999623e-02
7.525440191710000559e-02
6.863699442880000223e-02
7.162077631749999562e-02
6.418893308690000465e-02
6.745231670260000423e-02
6.564193428339999692e-02
6.297574012680000333e-02
6.379704957619999894e-02
6.113914836010000270e-02
5.391861997990000238e-02
5.683303825700000006e-02
5.303102448330000024e-02
5.072654547680000015e-02
5.001585147390000263e-02
5.327110774350000272e-02
4.463483037510000001e-02
4.730818095050000338e-02
4.339603751289999867e-02
4.422674680879999654e-02
4.255933537010000295e-02
4.203424778780000259e-02
4.107220401890000067e-02
3.729258459629999911e-02
3.287503326579999802e-02
3.320166170870000183e-02
3.638846275669999769e-02
3.233256637790000304e-02
3.283617387320000164e-02
2.868774405689999973e-02
2.943291112300000165e-02
2.913882771130000063e-02
2.856541833999999905e-02
2.825330435999999848e-02
2.511533602450000124e-02
2.472051771470000145e-02
2.411841850719999986e-02
2.670751376759999962e-02
2.173993416799999828e-02
2.349168552750000027e-02
2.007419698210000103e-02
2.392712041219999947e-02
2.255196770910000009e-02
1.960980340560000007e-02
1.891021151990000121e-02
2.015018506340000154e-02
