1.588338079382538695e+02
2.774135919316467493e+02
3.928576737634193705e+02
5.248647408501342397e+02
6.950872271142138743e+02
8.650744020697514998e+02
1.072915230664033288e+03
1.272567965125567298e+03
1.464074834753642108e+03
1.700721582540305008e+03
1.939142843939122258e+03
2.212148575740140132e+03
2.494208350538233390e+03
2.756551391991004039e+03
3.048315803829923880e+03
3.383164336393722351e+03
3.723984275908547261e+03
4.053198120804433984e+03
4.433832347160623613e+03
4.815415851901358110e+03
