6.507046186229419660e+25
1.856586037745313689e+26
2.986122034798585740e+26
5.993499140654531719e+26
8.205476971671905478e+26
1.101279391532484377e+27
1.428963126890660189e+27
2.247241675887058523e+27
2.596932226684086805e+27
3.402617790891133654e+27
3.735900548560205929e+27
4.305790455004088551e+27
4.900639109055485469e+27
7.219115334940833157e+27
7.848413408027754583e+27
7.764707466676184999e+27
9.403875527328292877e+27
8.987573347895880450e+27
1.129152494616538455e+28
1.156795841831627591e+28
