5.922782017315284264e+01
4.613785418513398184e+01
4.166097025130748221e+01
3.805805786791100331e+01
3.668293764035998805e+01
3.615443408715943718e+01
3.514805045958127039e+01
3.625077870518929046e+01
3.535529722170611677e+01
3.512022091823537551e+01
3.484576936859028251e+01
3.496114407434667726e+01
3.487777109818865995e+01
3.520611581464194018e+01
3.514873313091806040e+01
3.490457956683631124e+01
3.459078147518354740e+01
3.501052593118217260e+01
3.468684287149127954e+01
3.476064320511515149e+01
3.489487221753043400e+01
3.522803950363383763e+01
3.471514620401354989e+01
3.451713745670983258e+01
3.466551145141755086e+01
3.517679734907382993e+01
3.471884148444138418e+01
3.469145783701447527e+01
3.484680676548728684e+01
3.493026131155315284e+01
3.501689234156904007e+01
3.490529141702332083e+01
3.452540881817751028e+01
3.495151922410828860e+01
3.478836878281034473e+01
3.458232009500265747e+01
3.461969201956247844e+01
3.493232873786701020e+01
3.470082892165966371e+01
3.505635417014562449e+01
3.473062727735405275e+01
3.476695346783494500e+01
3.455519923691488771e+01
3.474350825104054508e+01
3.510269385549327836e+01
3.481657413757136510e+01
3.455318579808684376e+01
3.472321485106790107e+01
3.472502372045929775e+01
3.475813943063594280e+01
3.473809460114031822e+01
3.462616918012436429e+01
3.481035174462031989e+01
3.467634740660835035e+01
3.475493429886265062e+01
3.469731856472807152e+01
3.459384972132716740e+01
3.477625125089549130e+01
3.475839750192761102e+01
3.466085990062982347e+01
3.459971659596521221e+01
3.475132128323870262e+01
3.479701568301788939e+01
3.468884729373522902e+01
3.467228093147196688e+01
3.474980967849939617e+01
3.473650950070521759e+01
3.479897158556703118e+01
3.455538491257679112e+01
3.481485870115285763e+01
3.473414650613486288e+01
3.464152301160105907e+01
3.456171727452669273e+01
3.488529143006354616e+01
3.453838507892887577e+01
3.474373972389743415e+01
3.468181401395821695e+01
3.465741088256693558e+01
3.466156519578171213e+01
3.460996482606860525e+01
3.478159473699505355e+01
3.473334031420637302e+01
3.473040102260289785e+01
3.458865427912373036e+01
3.467406586882180619e+01
3.462674605766022040e+01
3.464211832294920868e+01
3.473920450411367256e+01
3.480029485337097128e+01
3.458485197392400323e+01
3.461298355161622453e+01
3.463391663233586115e+01
3.468110718676384607e+01
3.463509471737781809e+01
3.475890344590110459e+01
3.485920700005699047e+01
3.459592520786516445e+01
3.464642864280624934e+01
3.464135945598885513e+01
3.473172218702053016e+01
3.470569370269061693e+01
3.468098335601386140e+01
3.462681250401683286e+01
3.472508639697178268e+01
3.467857892594989977e+01
3.471929888746800685e+01
3.467071446003318869e+01
3.460631137417432512e+01
3.463271137692167656e+01
3.468417042070511513e+01
3.467873438693673194e+01
3.473477757476614158e+01
3.465137435551376655e+01
3.463176973406236669e+01
3.472528589879040339e+01
3.466098403647248460e+01
3.455863297105360488e+01
3.465386563424160471e+01
3.463411546345859193e+01
3.461445793650071323e+01
3.466396899553696187e+01
3.467788881151948743e+01
3.461390808326925850e+01
3.466735442692623792e+01
3.468295390994335037e+01
3.467859844694480387e+01
3.459191816293704136e+01
3.462968590260221191e+01
3.464447870067363056e+01
3.470964472452838123e+01
3.459534064313285029e+01
3.463615292405042823e+01
3.465424841014345958e+01
3.466892330619212714e+01
3.468165607524430527e+01
3.460717220717432951e+01
3.462885105641230865e+01
3.472259304482234654e+01
3.463997179642984747e+01
3.460248023967955078e+01
3.468654762449254747e+01
3.460864502690805011e+01
3.461906692285290887e+01
3.469575078209008012e+01
3.469989900154239137e+01
3.462218631610255670e+01
3.463560773442264207e+01
3.464339726855363466e+01
3.464441254069731713e+01
3.465831847542672506e+01
3.468992842613511840e+01
3.463672394955203515e+01
3.464006314262582720e+01
3.467505965819393055e+01
3.461869315176119244e+01
3.463863315797541276e+01
3.464898815285346956e+01
3.465189331727363253e+01
3.465939104480016653e+01
3.466807329349533973e+01
3.460334837862968982e+01
3.462287432006255017e+01
3.459238215873200062e+01
3.462422241918565646e+01
3.467603142597113930e+01
3.465367961729992174e+01
3.462909101193805128e+01
3.466768744696068438e+01
3.470378960247020927e+01
3.461928775535440650e+01
3.458147949954197031e+01
3.465381903775092098e+01
3.468990781759182340e+01
3.467643656650324857e+01
3.458068650943036459e+01
3.461311173790865325e+01
3.463760341065696480e+01
3.466022927473247250e+01
3.463822863508705296e+01
3.461184820046873512e+01
3.464648117021451412e+01
3.467317775381000189e+01
3.470603041787878595e+01
3.462996903240531310e+01
3.464177243417324092e+01
3.461496352005286070e+01
3.465033914901638923e+01
3.464728585776812508e+01
3.463529460476507893e+01
3.464272113169259626e+01
3.464707195049265209e+01
3.463899422875387302e+01
3.462056663364322873e+01
3.463589399455690909e+01
3.464213419796557503e+01
3.465892575986307378e+01
3.461094514954773871e+01
3.463927333775743023e+01
3.467169232244789612e+01
3.464089690192953697e+01
